158 278
208 270
258 266
308 266
358 265
408 267
458 267
508 266
558 268
608 270
756 267
806 267
856 268
906 267
956 267
1006 267
1056 267
1106 272
1156 266
1206 269
1256 269
1306 266
1356 268
1406 268
1456 266
1506 268
1556 269
1606 274
1752 269
1802 269
1852 269
1902 270
1952 270
2002 270
2052 269
2102 274
2152 270
2202 271
2252 271
2302 270
2352 270
2402 269
2452 269
2502 271
2552 270
2603 275
2705 271
2765 281
2816 271
2866 271
2916 271
2966 271
3016 271
3066 271
3116 271
3166 272
3216 272
3266 272
3316 271
3366 271
3416 266
3466 266
3516 266
3566 266
3616 266
3758 282
3808 268
3858 273
3908 267
3958 274
4008 267
4058 276
4108 271
4158 275
4208 265
4258 266
4308 270
4358 275
4408 269
4458 274
4508 269
4558 275
4608 271
4757 274
4807 270
4857 275
4907 273
4957 276
5007 269
5057 276
5107 272
5157 276
5207 267
5257 277
5307 266
5357 277
5407 268
5457 277
5507 271
5557 276
5607 272
5754 277
5804 276
5854 277
5904 269
5954 277
6004 278
6054 277
6104 270
6154 278
6204 277
6254 277
6304 268
6354 278
6404 278
6454 279
6504 269
6554 278
6604 278
6761 278
6811 279
6861 279
6912 279
6962 279
7012 279
7062 279
7112 279
7162 280
7212 280
7262 280
7312 279
7362 279
7412 280
7462 279
7512 281
7562 280
7612 280
7769 280
7819 280
7869 281
7919 281
7969 282
8019 280
8069 282
8119 281
8169 282
8219 282
8269 281
8320 281
8370 282
8420 281
8470 281
8520 282
8570 282
8620 280
8775 283
8825 275
8875 282
8925 275
8975 281
9025 277
9075 281
9125 276
9175 282
9225 280
9275 282
9325 277
9375 282
9425 271
9475 283
9525 279
9575 281
9625 276
9783 282
9837 295
9887 283
9937 283
9987 281
10037 283
10087 283
10137 284
10187 284
10237 282
10287 279
10337 282
10387 282
10437 282
10487 282
10537 282
10587 282
10637 281
10809 282
10859 282
10909 283
10959 281
11009 281
11059 274
11109 282
11159 273
11209 282
11259 281
11309 283
11359 270
11409 284
11459 283
11509 284
11559 283
11609 284
11767 283
11817 284
11867 284
11917 284
11967 284
12017 284
12067 285
12118 284
12168 285
12218 285
12268 285
12318 283
12368 284
12418 285
12468 284
12518 284
12568 286
12618 284
12775 285
12825 282
12875 286
12925 283
12975 287
13025 275
13075 285
13125 279
13175 285
13225 283
13275 285
13325 278
13375 286
13425 279
13475 284
13526 283
13576 284
13626 284
13784 278
13834 297
13884 277
13934 285
13984 275
14034 286
14084 276
14134 285
14184 276
14234 286
14284 277
14334 286
14384 276
14434 284
14484 275
14534 284
14584 283
14635 285
14792 287
14842 294
14892 287
14942 285
14992 286
15042 286
15092 291
15142 282
15192 286
15242 284
15292 285
15342 285
15392 286
15442 281
15492 285
15542 286
15592 292
15726 287
15836 297
15886 287
15936 287
15986 288
16036 286
16086 288
16136 284
16186 288
16236 281
16286 286
16336 286
16386 286
16436 274
16486 286
16536 280
16586 290
16661 286
16831 287
16881 287
16931 287
16982 284
17032 286
17082 287
17132 286
17182 281
17232 285
17282 282
17332 286
17382 279
17432 285
17482 276
17532 287
17582 280
17632 286
17789 286
17842 286
17892 288
17942 275
17992 287
18042 280
18092 291
18142 280
18192 288
18242 280
18292 287
18342 279
18392 286
18442 280
18492 288
18542 278
18592 292
18750 288
18835 297
18885 290
18935 288
18985 291
19035 289
19085 293
19135 288
19185 288
19235 290
19286 291
19336 289
19386 290
19436 289
19486 295
19536 287
19586 294
19644 292
19803 289
19853 290
19903 286
19953 290
20003 290
20054 281
20104 291
20154 290
20204 294
20254 289
20304 293
20354 290
20404 292
20454 290
20504 293
20554 289
20604 292
20762 290
20839 300
20889 291
20939 291
20989 291
21039 290
21089 297
21139 289
21189 290
21239 285
21289 290
21339 290
21389 292
21439 291
21489 290
21539 289
21590 297
21682 290
21833 292
21883 294
21933 291
21983 294
22033 291
22083 295
22133 291
22183 296
22233 292
22283 294
22333 294
22383 295
22433 292
22483 294
22533 292
22583 296
22633 292
22790 293
22847 306
22897 292
22947 292
22998 291
23048 293
23098 292
23148 293
23198 292
23248 293
23298 293
23348 294
23398 281
23448 293
23498 292
23548 293
23598 293
23756 294
23851 305
23901 291
23951 293
24001 293
24051 294
24101 294
24151 294
24201 292
24251 294
24301 293
24351 294
24401 296
24451 295
24501 291
24551 294
24601 295
24760 290
24843 307
24893 294
24943 294
24993 296
25043 282
25093 298
25143 297
25193 297
25243 298
25293 297
25344 296
25394 296
25444 295
25494 295
25544 291
25594 297
25753 297
25850 308
25900 298
25950 296
26000 299
26050 296
26100 301
26150 297
26200 299
26250 297
26300 301
26350 296
26400 300
26450 295
26500 294
26550 297
26600 301
26759 297
26890 306
26940 296
26990 297
27040 301
27090 303
27140 300
27190 298
27240 300
27290 297
27340 300
27390 297
27440 301
27490 298
27540 301
27590 303
27737 297
27893 296
27943 292
27993 298
28043 286
28093 299
28143 293
28193 297
28243 288
28293 298
28343 291
28393 297
28443 291
28493 298
28544 290
28594 299
28752 297
28890 299
28940 302
28990 299
29040 303
29090 303
29140 292
29190 298
29240 302
29290 298
29340 302
29390 297
29440 302
29490 297
29540 302
29590 300
29748 298
29872 309
29922 300
29972 297
30022 290
30072 303
30123 287
30173 298
30223 290
30273 298
30323 284
30373 286
30423 291
30473 298
30523 289
30573 303
30623 289
30781 298
30875 309
30925 295
30976 297
31026 298
31076 303
31126 297
31176 300
31226 300
31276 298
31326 297
31376 300
31426 299
31476 299
31526 300
31576 304
31626 300
31783 296
31875 309
31925 299
31975 298
32025 298
32075 304
32125 298
32175 298
32225 297
32275 299
32325 299
32375 298
32425 300
32475 298
32525 299
32575 305
32625 300
32806 299
32856 314
32906 301
32956 301
33006 300
33056 302
33106 301
33156 303
33206 301
33256 302
33306 300
33356 288
33406 300
33456 303
33506 300
33556 302
33606 301
33767 301
33833 313
33883 300
33933 302
33983 299
34033 301
34083 304
34134 301
34184 300
34234 300
34284 300
34334 300
34384 301
34434 301
34484 300
34534 302
34584 305
34699 301
34827 315
34877 303
34927 301
34977 303
35027 301
35077 306
35127 301
35177 303
35227 301
35277 302
35328 302
35378 302
35428 302
35478 302
35528 303
35578 307
35646 303
35804 301
35854 302
35904 302
35954 303
36004 303
36054 301
36104 300
36154 302
36204 303
36254 303
36304 303
36354 302
36404 302
36454 302
36504 302
36554 303
36604 302
36765 303
36831 316
36881 294
36931 302
36981 298
37031 303
37081 298
37131 303
37181 297
37231 302
37281 300
37331 303
37381 298
37431 302
37481 297
37531 303
37581 305
37688 302
37823 310
37873 293
37923 301
37974 288
38024 303
38074 304
38124 302
38174 305
38224 304
38274 305
38324 303
38374 305
38424 303
38474 306
38524 303
38574 304
38624 304
38674 293
38724 304
38774 306
38824 304
38874 305
38924 304
38974 308
39137 304
39280 302
39330 304
39380 302
39430 305
39480 300
39530 304
39580 302
39630 304
39680 299
39730 305
39780 299
39830 304
39880 303
39930 305
39980 303
40137 298
40254 321
40304 306
40354 308
40404 306
40454 310
40504 305
40554 308
40604 305
40654 292
40704 305
40754 310
40804 305
40854 307
40904 306
40954 311
41004 306
41162 306
41257 310
41307 306
41357 303
41407 305
41457 305
41507 305
41558 297
41608 305
41658 295
41708 304
41758 291
41808 304
41858 296
41908 303
41958 299
42008 304
42166 305
42255 317
42305 304
42355 304
42405 304
42455 310
42505 304
42555 304
42605 304
42655 304
42705 304
42755 304
42805 306
42855 290
42905 304
42955 295
43005 304
43167 304
43247 317
43297 292
43347 304
43397 304
43447 304
43497 305
43547 305
43597 304
43648 307
43698 305
43748 305
43798 305
43848 306
43898 306
43948 307
43998 291
44048 305
44098 301
44148 307
44307 307
44404 319
44454 297
44504 306
44554 307
44604 306
44654 292
44704 306
44754 306
44804 306
44854 306
44904 308
44954 312
45004 307
45166 307
45232 321
45282 306
45332 307
45382 306
45432 307
45483 308
45533 295
45583 306
45633 307
45683 307
45733 307
45783 309
45833 307
45883 304
45933 308
45984 307
46142 307
46228 321
46278 300
46328 308
46379 300
46429 308
46479 298
46529 307
46579 301
46629 309
46679 299
46729 308
46779 298
46829 310
46879 302
46929 311
46979 294
47137 301
47236 322
47286 310
47336 310
47386 309
47436 310
47486 308
47536 309
47586 309
47636 294
47686 309
47736 308
47787 309
47837 309
47887 309
47937 303
47987 310
48146 310
48235 322
48285 310
48335 310
48385 309
48435 309
48485 308
48535 309
48585 310
48635 310
48685 309
48735 294
48785 309
48835 310
48885 310
48935 309
48985 310
49143 311
49233 323
49283 310
49333 310
49383 309
49433 310
49483 310
49533 310
49583 310
49633 312
49683 310
49733 311
49783 310
49833 296
49883 310
49933 310
49983 310
50033 310
50083 310
50134 310
50291 311
50377 314
50427 312
50477 301
50527 310
50577 295
50627 311
50677 298
50727 298
50777 301
50827 310
50877 295
50927 311
50977 305
51160 310
51228 326
51278 305
51328 312
51378 307
51428 312
51478 307
51528 311
51578 307
51628 309
51678 307
51728 311
51778 307
51828 312
51878 309
51928 312
51978 308
52136 306
52225 325
52275 309
52325 311
52375 295
52425 311
52475 304
52525 310
52575 307
52625 312
52675 304
52725 312
52775 303
52825 311
52875 301
52925 311
52975 300
53134 307
53224 324
53274 296
53324 311
53374 295
53424 311
53474 296
53524 310
53574 296
53624 302
53675 295
53725 311
53775 302
53825 312
53875 301
53925 311
53975 305
54133 296
54223 325
54273 297
54323 313
54373 299
54423 305
54473 297
54523 305
54573 297
54623 312
54673 297
54723 303
54786 325
54836 307
54886 313
54936 307
54986 313
55145 315
55200 328
55250 298
55300 311
55350 298
55400 313
55450 297
55500 305
55550 303
55600 305
55650 305
55700 311
55750 312
55800 311
55851 297
55901 312
55951 312
56001 311
56051 312
56101 318
56194 301
56338 313
56388 313
56438 312
56488 313
56538 315
56588 314
56638 313
56688 313
56738 313
56788 313
56838 313
56888 313
56938 312
56988 314
57148 314
57223 329
57273 306
57323 315
57373 305
57423 314
57473 308
57523 313
57573 299
57623 315
57673 306
57723 314
57773 307
57823 314
57873 306
57923 315
57973 306
58136 314
58196 329
58246 300
58296 311
58346 300
58396 310
58446 305
58496 313
58546 314
58596 311
58646 314
58696 313
58746 314
58796 311
58846 315
58896 313
58946 322
58996 315
59155 314
59205 316
59255 313
59305 314
59355 311
59405 315
59455 319
59505 315
59555 313
59606 315
59656 315
59706 315
59756 314
59806 315
59856 314
59906 314
59956 319
60120 299
60191 328
60241 313
60291 312
60341 312
60391 305
60441 305
60491 296
60541 309
60591 309
60641 309
60691 311
60741 311
60791 301
60841 297
60891 295
60941 310
60991 294
61151 310
61201 321
61251 294
61301 294
61351 293
61401 293
61451 294
61501 293
61551 294
61601 298
61651 292
61701 293
61751 293
61801 294
61851 293
61901 293
61952 293
62002 294
62052 294
62102 317
62152 305
62312 296
62362 309
62412 296
62462 297
62512 296
62562 296
62612 297
62662 294
62712 294
62763 294
62813 295
62863 296
62913 295
62963 295
63127 309
63202 326
63252 314
63302 314
63352 313
63403 314
63453 320
63503 313
63553 314
63603 313
63653 314
63703 314
63753 313
63803 313
63853 311
63903 310
63953 301
64076 296
64196 326
64246 311
64296 308
64346 311
64396 313
64446 319
64496 311
64546 312
64596 312
64646 314
64696 312
64746 312
64796 312
64846 312
64896 312
64946 319
65013 294
65172 295
65222 311
65272 312
65323 313
65373 313
65423 313
65473 295
65523 296
65573 295
65623 296
65673 295
65723 295
65773 296
65823 296
65873 295
65923 296
65973 295
66130 297
66222 308
66272 311
66322 299
66372 312
66422 313
66472 313
66522 297
66572 296
66622 296
66672 295
66722 295
66772 295
66822 294
66872 294
66922 295
66972 295
67130 297
67228 308
67278 296
67328 307
67378 304
67428 313
67478 298
67528 314
67578 314
67628 314
67678 313
67728 314
67778 314
67828 315
67878 314
67928 315
67978 314
68028 314
68078 315
68128 317
68292 297
68388 330
68438 305
68488 314
68538 316
68588 314
68638 315
68688 314
68738 314
68788 315
68838 315
68888 315
68938 321
68988 317
69148 297
69223 311
69273 297
69323 297
69373 302
69423 297
69473 314
69523 298
69573 314
69623 316
69673 315
69723 298
69773 296
69823 297
69873 298
69923 298
69974 297
70132 298
70220 310
70270 297
70320 299
70370 298
70420 298
70470 297
70520 297
70571 315
70621 316
70671 317
70721 315
70771 298
70821 297
70871 297
70921 299
70971 297
71130 298
71222 311
71272 297
71322 297
71372 298
71422 299
71472 298
71522 298
71572 315
71622 299
71672 316
71723 316
71773 316
71823 316
71873 316
71923 317
71973 317
72132 317
72219 331
72269 317
72320 297
72370 298
72420 297
72470 299
72520 297
72570 297
72620 316
72670 312
72720 317
72770 316
72820 316
72870 317
72920 316
72970 318
73127 318
73219 332
73269 317
73319 317
73369 307
73419 299
73469 299
73519 299
73569 299
73619 299
73669 299
73719 316
73769 317
73819 313
73869 313
73919 316
73969 317
74019 318
74070 319
74120 318
74283 300
74378 313
74428 301
74478 301
74528 301
74578 299
74628 299
74678 299
74728 299
74778 318
74828 318
74878 317
74928 318
74978 320
75138 318
75218 313
75268 301
75318 301
75368 300
75418 300
75468 300
75518 301
75568 301
75618 301
75668 301
75718 301
75768 301
75819 302
75869 304
75919 303
75969 319
76128 320
76217 335
76267 320
76317 321
76367 320
76417 321
76467 302
76517 300
76567 301
76617 301
76667 301
76717 303
76767 301
76817 302
76867 301
76917 304
76967 304
77125 321
77193 336
77243 321
77293 319
77343 321
77393 320
77443 328
77493 321
77543 321
77593 302
77643 301
77693 302
77743 302
77793 301
77843 301
77893 311
77943 326
78063 321
78211 302
78261 302
78311 302
78361 303
78411 301
78461 301
78511 302
78561 302
78611 302
78661 302
78711 302
78761 301
78811 301
78861 302
78911 302
78961 320
79124 322
79215 315
79265 302
79315 302
79365 303
79415 304
79465 302
79515 303
79565 301
79616 302
79666 302
79716 302
79766 301
79816 302
79866 302
79916 302
79966 302
80016 320
80066 305
80116 324
80279 322
80382 337
80432 329
80482 322
80532 323
80582 322
80632 322
80683 322
80733 322
80783 322
80833 305
80883 305
80933 307
80984 303
81143 324
81220 337
81270 322
81320 323
81370 324
81420 323
81470 322
81520 323
81570 322
81620 323
81670 323
81720 323
81770 322
81820 321
81870 323
81920 302
81970 302
82157 313
82221 338
82271 321
82321 302
82371 302
82421 303
82471 303
82521 302
82571 302
82621 301
82671 303
82721 302
82771 302
82821 302
82871 301
82921 303
82971 303
83131 305
83214 338
83264 322
83314 302
83364 302
83414 301
83464 303
83514 303
83564 302
83614 303
83664 302
83714 303
83764 303
83814 303
83864 303
83914 303
83964 303
84147 307
84216 336
84267 322
84317 322
84367 323
84417 322
84467 324
84517 323
84567 324
84617 323
84667 322
84717 304
84767 303
84817 303
84899 325
84950 304
85112 303
85188 338
85238 321
85288 322
85338 322
85388 322
85438 322
85488 322
85538 322
85588 322
85638 322
85688 323
85738 324
85788 303
85838 303
85888 304
85938 304
85988 304
86038 304
86088 304
86138 304
86297 323
86358 341
86408 304
86458 305
86508 304
86558 305
86608 304
86658 305
86708 304
86758 304
86808 305
86858 304
86908 304
86958 304
87120 304
87213 337
87263 306
87313 325
87363 325
87413 305
87463 305
87513 303
87563 304
87613 304
87663 304
87713 303
87763 302
87813 312
87863 303
87913 302
87963 303
88121 303
88212 335
88262 317
88312 307
88363 323
88413 322
88463 323
88513 322
88563 322
88613 322
88663 326
88713 323
88763 323
88813 312
88863 303
88913 301
88963 302
89121 303
89212 316
89262 302
89312 315
89362 325
89412 323
89462 324
89512 324
89562 322
89612 325
89662 325
89712 326
89762 325
89812 326
89862 325
89912 325
89962 305
90121 306
90213 319
90263 304
90313 304
90363 324
90413 324
90463 323
90513 324
90563 303
90613 306
90663 304
90713 304
90763 304
90813 304
90863 304
90913 305
90963 305
91122 305
91212 319
91262 304
91312 304
91362 305
91412 304
91462 323
91512 324
91563 324
91613 324
91663 304
91713 305
91763 304
91813 305
91863 305
91913 306
91963 305
92013 304
92063 304
92113 306
92272 304
92377 318
92427 311
92477 324
92527 324
92577 324
92627 326
92677 324
92727 326
92777 325
92827 326
92877 327
92928 333
92978 327
93165 307
93215 320
93265 306
93315 306
93365 306
93415 307
93465 307
93515 310
93565 325
93615 327
93665 326
93715 327
93765 326
93815 326
93865 326
93915 330
94077 327
94181 321
94231 306
94281 306
94331 307
94381 306
94431 306
94481 306
94531 324
94581 308
94631 327
94681 327
94731 307
94781 307
94831 307
94881 308
94931 307
95090 306
95181 322
95232 308
95282 307
95332 307
95382 308
95432 308
95482 307
95532 308
95582 328
95632 327
95682 307
95732 308
95782 307
95832 306
95882 308
95932 307
96090 307
96179 322
96229 306
96279 307
96329 306
96379 307
96429 307
96479 307
96529 307
96579 307
96629 327
96679 328
96729 326
96779 327
96829 327
96879 328
96930 330
97091 309
97180 323
97230 308
97280 307
97330 308
97380 308
97430 309
97480 308
97530 308
97580 308
97630 308
97680 312
97730 322
97780 329
97830 329
97880 328
97930 330
97980 329
98030 336
98165 310
98305 312
98355 310
98405 311
98455 310
98505 310
98555 313
98605 309
98655 308
98705 311
98755 313
98805 330
98855 310
98905 312
98955 309
99119 310
99223 325
99273 310
99323 311
99373 310
99423 310
99473 311
99523 311
99573 311
99623 311
99673 311
99723 311
99773 311
99823 325
99873 331
99923 311
99973 311
100131 311
100221 326
100271 312
100321 313
100371 312
100421 312
100471 312
100521 311
100571 312
100621 312
100671 312
100721 312
100771 312
100822 311
100872 331
100922 332
100972 332
101130 333
101223 351
101273 335
101323 312
101373 313
101423 315
101473 312
101523 313
101573 313
101623 315
101673 312
101723 311
101773 312
101823 314
101873 312
101923 320
101974 315
102132 334
102228 351
102278 336
102328 336
102378 334
102428 341
102478 334
102528 335
102578 335
102628 335
102678 334
102728 336
102778 313
102828 316
102878 314
102928 320
102978 313
103138 335
103227 331
103277 315
103327 315
103377 314
103427 315
103477 312
103527 314
103577 319
103627 315
103677 314
103727 311
103777 314
103827 314
103877 313
103927 316
103977 313
104027 314
104077 320
104127 336
104287 316
104384 329
104434 321
104484 314
104534 313
104584 314
104634 312
104684 313
104734 314
104784 315
104834 314
104884 314
104934 321
104984 315
105143 337
105234 353
105284 337
105334 336
105384 336
105434 344
105484 336
105534 336
105584 336
105634 336
105684 335
105734 337
105784 336
105834 338
105884 337
105934 343
105984 316
106142 315
106237 334
106287 338
106337 336
106387 337
106437 346
106487 338
106537 337
106587 336
106637 336
106687 338
106737 337
106787 337
106838 337
106888 337
106938 344
106999 339
107157 321
107233 337
107283 337
107333 325
107383 322
107433 325
107483 319
107533 324
107583 323
107633 324
107683 322
107734 322
107784 323
107834 323
107884 322
107934 330
107984 326
108144 323
108233 340
108283 320
108333 319
108383 320
108433 330
108483 322
108533 323
108583 321
108633 318
108683 338
108733 338
108783 338
108833 340
108883 339
108933 348
108983 340
109143 340
109233 357
109283 320
109333 339
109383 338
109433 339
109483 339
109533 340
109583 343
109633 339
109683 340
109733 340
109783 340
109833 341
109883 340
109933 336
109983 322
110033 337
110083 326
110133 338
110291 340
110383 358
110433 347
110483 339
110533 341
110583 341
110633 341
110683 341
110733 341
110783 340
110833 338
110883 321
110934 348
110984 340
111142 341
111232 360
111282 340
111332 342
111382 340
111432 350
111482 341
111532 341
111582 341
111632 343
111682 339
111732 331
111782 330
111832 321
111882 339
111932 348
111982 323
112141 321
112231 359
112281 332
112331 342
112381 326
112431 334
112481 328
112531 341
112581 325
112631 341
112681 330
112731 342
112781 324
112831 343
112881 325
112931 340
112982 328
113140 324
113232 341
113282 327
113332 325
113382 339
113432 340
113482 339
113532 345
113582 338
113632 343
113682 338
113732 344
113782 345
113832 333
113882 336
113932 333
113982 333
114142 333
114240 339
114290 334
114340 326
114390 335
114440 329
114490 343
114540 328
114590 344
114640 331
114690 344
114740 329
114790 344
114840 336
114890 344
114940 343
115033 345
115190 345
115269 364
115319 332
115369 346
115419 341
115469 347
115519 334
115569 346
115619 334
115670 346
115720 332
115770 344
115820 334
115870 345
115920 345
115970 345
116020 333
116070 346
116120 339
116284 345
116400 353
116450 329
116500 338
116550 348
116600 343
116651 347
116701 341
116751 346
116801 344
116851 346
116901 345
116951 347
117109 348
117229 368
117279 341
117329 348
117379 338
117429 355
117479 341
117529 347
117579 340
117629 348
117679 336
117729 346
117779 339
117829 348
117879 343
117929 355
117979 339
118137 335
118265 348
118315 334
118365 329
118415 335
118465 333
118515 332
118565 331
118615 331
118665 330
118715 330
118765 328
118815 324
118865 323
118915 329
118965 330
119122 329
119261 333
119311 332
119361 331
119411 348
119461 342
119511 333
119561 348
119611 325
119661 349
119711 347
119761 327
119811 347
119861 347
119911 348
119961 348
120124 348
120237 346
120287 349
120337 350
120387 348
120437 357
120487 349
120537 351
120587 350
120637 351
120687 350
120737 352
120787 348
120837 336
120887 327
120937 356
121027 347
121184 349
121241 369
121291 349
121341 348
121391 348
121441 348
121491 350
121541 351
121591 359
121641 349
121691 350
121741 347
121791 341
121841 326
121891 336
121942 348
121992 326
122042 349
122092 356
122142 336
122192 352
122350 350
122478 351
122528 349
122578 351
122628 328
122678 352
122728 349
122778 334
122828 350
122878 351
122928 358
122978 353
123142 345
123298 333
123348 350
123398 338
123448 360
123498 333
123548 353
123598 332
123648 351
123698 332
123748 342
123798 334
123848 340
123898 328
123948 347
123998 330
124156 336
124274 361
124324 350
124374 332
124424 356
124474 353
124524 351
124574 350
124624 349
124674 337
124724 351
124774 351
124824 349
124874 342
124924 349
124974 344
125131 344
125273 332
125323 338
125373 333
125423 357
125473 343
125523 350
125573 342
125623 351
125673 355
125723 352
125773 352
125824 350
125874 353
125924 360
125974 354
126137 353
126271 369
126321 350
126371 355
126422 358
126472 353
126522 349
126572 353
126622 353
126672 352
126722 352
126772 353
126822 349
126872 354
126922 359
126972 355
127135 330
127291 354
127341 351
127391 356
127441 360
127491 353
127541 352
127591 355
127641 352
127691 356
127741 351
127791 356
127841 352
127891 356
127941 354
127991 355
128041 355
128091 363
128141 354
128304 356
128460 353
128510 358
128560 352
128610 357
128660 353
128710 356
128760 339
128811 332
128861 338
128911 342
128961 344
129106 340
129263 340
129319 363
129369 342
129419 345
129469 338
129519 340
129569 337
129619 338
129669 332
129719 333
129769 333
129819 333
129869 338
129920 344
129970 344
130134 354
130289 353
130339 358
130390 355
130440 363
130490 356
130540 359
130590 356
130640 357
130690 357
130740 353
130790 348
130840 342
130890 331
130940 362
130990 355
131147 356
131304 354
131354 331
131404 354
131454 356
131504 355
131554 355
131604 357
131654 356
131704 358
131755 357
131805 358
131855 356
131905 359
131955 355
132005 333
132164 332
132304 336
132354 356
132404 355
132454 356
132504 357
132554 357
132604 357
132654 358
132704 358
132754 357
132804 351
132854 333
132904 340
132954 340
133004 357
133164 356
133270 351
133320 355
133370 357
133420 334
133470 356
133520 358
133570 364
133620 358
133670 357
133720 342
133770 357
133820 356
133870 358
133920 357
133970 358
134020 335
134070 344
134120 341
134214 357
134372 358
134441 376
134491 358
134541 347
134591 358
134641 336
134691 358
134742 337
134792 357
134842 347
134892 359
134942 357
134992 357
135151 359
135264 376
135314 339
135364 353
135414 338
135464 359
135514 357
135564 357
135614 358
135664 357
135714 359
135764 354
135814 357
135864 347
135914 342
135964 348
136128 349
136261 352
136311 348
136361 342
136411 349
136461 340
136511 339
136561 344
136611 345
136662 345
136712 334
136762 359
136812 359
136862 359
136912 368
136962 360
137124 361
137286 359
137336 345
137387 360
137437 352
137487 360
137537 354
137587 360
137637 355
137687 360
137737 354
137787 361
137837 354
137887 358
137937 357
137987 356
138146 347
138264 385
138314 335
138364 362
138414 337
138464 362
138514 339
138564 358
138614 337
138664 363
138714 357
138764 364
138814 338
138864 363
138914 352
138964 358
139129 360
139259 377
139309 361
139359 362
139409 363
139459 361
139509 361
139559 360
139609 362
139659 361
139709 362
139759 360
139809 340
139859 360
139909 348
139959 341
140124 347
140257 356
140307 343
140357 343
140407 343
140457 345
140507 343
140557 343
140607 343
140657 346
140707 345
140758 346
140808 344
140858 346
140908 348
140958 340
141131 344
141261 387
141312 360
141362 339
141412 361
141462 363
141512 362
141562 363
141612 365
141662 365
141712 363
141762 363
141812 359
141862 352
141912 359
141962 360
142126 345
142263 368
142313 364
142363 362
142413 364
142464 364
142514 366
142564 364
142614 365
142664 363
142714 364
142764 356
142814 339
142864 362
142914 366
142964 333
143127 337
143259 380
143309 364
143360 366
143410 367
143460 367
143510 365
143560 365
143610 353
143660 359
143710 365
143760 342
143810 364
143860 366
143910 343
143960 363
144124 365
144280 366
144330 365
144380 355
144430 364
144480 367
144530 365
144580 367
144630 365
144680 365
144730 364
144780 366
144830 358
144880 341
144930 366
144980 361
145155 365
145257 388
145307 339
145357 368
145408 345
145458 364
145508 349
145558 364
145608 357
145658 367
145708 352
145758 365
145808 355
145858 367
145908 363
145958 361
146123 350
146256 380
146306 343
146356 366
146406 345
146456 349
146506 343
146556 345
146606 340
146656 364
146706 341
146756 364
146806 340
146856 366
146906 345
146956 361
147119 357
147259 359
147309 352
147359 343
147409 351
147459 365
147509 360
147559 344
147609 362
147659 357
147709 363
147759 367
147809 363
147859 367
147909 367
147959 360
148123 345
148259 374
148310 366
148360 367
148410 366
148460 365
148510 366
148560 366
148610 366
148660 366
148710 365
148760 366
148810 368
148860 367
148910 369
148960 363
149125 343
149258 360
149308 364
149358 344
149408 367
149458 369
149508 366
149558 367
149608 368
149658 368
149708 366
149758 368
149808 368
149858 370
149908 368
149958 343
150123 357
150261 371
150311 369
150361 355
150411 369
150461 369
150511 367
150561 344
150611 366
150661 362
150711 366
150761 347
150811 368
150861 350
150912 353
150963 344
151120 348
151257 355
151307 349
151357 351
151407 347
151457 349
151507 349
151557 351
151607 349
151657 349
151707 347
151757 347
151808 346
151858 339
151908 343
151958 338
152122 345
152257 383
152307 369
152357 368
152407 368
152457 368
152507 368
152557 367
152607 351
152657 341
152707 367
152757 367
152807 342
152857 367
152907 371
152957 338
153122 343
153255 385
153305 371
153355 370
153405 367
153455 352
153505 345
153555 357
153605 344
153655 368
153705 367
153755 341
153805 368
153856 371
153906 352
153956 365
154119 370
154258 374
154308 372
154358 370
154408 352
154458 369
154508 369
154558 344
154608 369
154658 371
154708 342
154758 368
154808 370
154858 356
154908 374
154958 364
155123 366
155254 361
155304 351
155354 344
155404 368
155454 369
155504 343
155554 370
155604 370
155654 349
155704 363
155754 369
155804 349
155854 372
155904 367
155954 366
156116 368
156256 372
156306 362
156356 371
156406 361
156456 368
156506 363
156556 369
156606 360
156656 370
156706 364
156756 370
156806 358
156856 367
156906 366
156956 365
157121 371
157277 372
157327 368
157377 373
157427 367
157477 345
157527 365
157577 371
157627 369
157677 373
157727 371
157777 372
157827 367
157877 372
157927 370
157977 356
158136 347
158262 368
158312 359
158362 346
158412 358
158462 347
158512 360
158562 347
158612 359
158662 344
158712 372
158763 344
158813 372
158863 345
158913 377
158963 358
159126 371
159261 384
159311 372
159361 351
159411 372
159461 352
159511 374
159561 366
159611 374
159661 371
159711 374
159761 371
159811 374
159861 364
159911 377
159961 345
160125 371
160261 366
160311 373
160361 347
160411 374
160461 348
160512 357
160562 359
160612 372
160662 352
160712 372
160762 366
160812 375
160862 357
160912 378
160962 358
161125 372
161259 367
161309 375
161359 354
161409 375
161459 374
161509 377
161559 375
161609 379
161659 376
161709 377
161759 362
161809 378
161859 357
161909 377
161959 345
162122 355
162265 348
162315 354
162365 353
162415 353
162465 352
162515 354
162565 351
162615 354
162665 354
162715 354
162765 353
162816 355
162866 354
162916 358
162966 349
163124 355
163259 367
163309 347
163359 372
163409 374
163459 374
163509 377
163559 375
163609 375
163659 378
163709 377
163759 371
163809 348
163859 374
163909 379
163959 343
164124 347
164258 391
164308 377
164358 379
164408 380
164458 378
164508 378
164558 378
164608 375
164658 367
164708 361
164758 347
164808 374
164858 374
164908 352
164958 380
165008 376
165172 378
165311 380
165361 376
165411 378
165462 378
165512 379
165562 376
165612 372
165662 356
165712 350
165762 375
165812 377
165862 349
165912 385
165962 376
166125 375
166261 393
166311 378
166361 380
166411 378
166461 375
166511 359
166561 363
166611 379
166661 350
166711 376
166761 377
166811 349
166861 347
166912 357
166962 357
167120 377
167260 383
167310 350
167360 379
167410 361
167460 380
167510 354
167560 375
167610 366
167660 378
167710 379
167760 379
167810 376
167860 379
167910 389
167960 380
168125 380
168262 383
168312 368
168363 377
168413 355
168463 376
168513 352
168563 358
168613 358
168663 377
168713 364
168763 376
168813 358
168863 379
168913 369
168963 380
169120 370
169278 368
169328 367
169378 369
169428 351
169478 367
169528 351
169578 368
169678 408
169728 369
169778 380
169828 358
169878 382
169928 366
169978 381
170138 382
170292 369
170342 379
170392 367
170442 382
170492 370
170542 379
170592 364
170642 382
170692 368
170742 381
170792 365
170842 380
170892 376
170942 393
171046 381
171204 384
171299 409
171350 357
171400 356
171450 352
171500 381
171550 354
171600 381
171650 353
171700 381
171750 372
171800 382
171850 359
171900 387
171950 371
172112 379
172268 383
172318 383
172368 383
172418 383
172468 384
172518 383
172568 384
172618 382
172668 362
172718 382
172768 373
172818 383
172868 365
172918 388
172968 357
173158 352
173294 385
173344 361
173394 362
173444 362
173494 361
173544 362
173594 361
173644 360
173694 358
173744 352
173794 353
173844 353
173894 357
173944 357
174132 364
174289 389
174339 362
174389 363
174439 352
174489 386
174539 381
174589 357
174639 381
174689 385
174739 356
174789 385
174839 382
174889 386
174939 389
175154 385
175290 399
175340 358
175390 355
175440 385
175490 384
175540 354
175590 387
175640 384
175690 366
175740 384
175790 384
175840 382
175890 389
175940 386
176128 387
176286 406
176336 354
176386 384
176436 382
176486 360
176536 383
176586 383
176636 383
176686 386
176736 384
176786 385
176836 383
176886 389
176936 388
177081 384
177266 389
177316 392
177366 387
177416 385
177466 385
177516 379
177566 360
177616 353
177666 385
177716 383
177766 354
177816 382
177866 385
177916 362
177966 352
178154 385
178294 412
178344 374
178394 386
178444 378
178494 385
178544 375
178594 384
178644 376
178694 387
178744 379
178794 385
178844 375
178894 388
178944 372
179138 386
179292 415
179342 371
179392 386
179442 361
179492 387
179542 359
179592 384
179642 357
179692 385
179742 364
179792 386
179842 370
179892 390
179942 374
180136 371
180298 372
180348 372
180398 371
180448 373
180498 366
180548 372
180598 364
180648 373
180698 368
180748 372
180798 357
180848 384
180898 361
180948 381
181166 389
181271 417
181321 374
181371 388
181421 369
181471 385
181521 363
181571 389
181621 378
181671 387
181721 369
181771 388
181821 376
181871 388
181921 380
181971 382
182160 361
182268 418
182318 375
182368 389
182418 370
182468 387
182518 359
182568 389
182618 362
182668 388
182718 357
182768 387
182818 364
182868 389
182918 393
182968 384
183156 390
183294 420
183344 386
183394 389
183444 387
183494 388
183544 385
183595 387
183645 390
183695 390
183745 387
183795 389
183845 388
183895 391
183945 383
184139 379
184298 389
184348 365
184398 367
184448 363
184498 364
184548 363
184598 365
184648 363
184698 367
184748 365
184798 366
184848 366
184898 370
184948 362
185136 365
185302 392
185352 358
185402 363
185452 380
185502 355
185552 386
185602 388
185652 377
185702 386
185752 386
185802 390
185852 389
185902 393
185952 385
186142 358
186291 397
186341 388
186391 386
186441 388
186491 388
186541 390
186591 391
186641 389
186691 389
186741 386
186791 370
186841 383
186891 392
186941 353
187133 387
187283 423
187333 393
187383 392
187433 392
187483 388
187533 377
187583 358
187633 389
187683 388
187734 357
187784 387
187834 389
187884 364
187934 385
188122 391
188283 409
188333 394
188383 387
188433 374
188483 377
188533 358
188583 389
188633 391
188683 358
188733 390
188783 389
188833 364
188883 393
188933 387
189127 391
189279 382
189329 390
