101153 000 24.30 24.28 -0.02
101188 000 24.33 24.28 -0.05
101213 000 24.40 24.28 -0.11
101227 000 24.22 24.28 0.07
101266 000 24.56 24.28 -0.27
101301 000 23.99 24.28 0.29
101338 000 24.22 24.28 0.07
101378 000 24.10 24.28 0.19
101409 000 24.02 24.28 0.26
101446 000 24.28 24.28 0.01
101485 000 24.43 24.28 -0.14
101541 000 24.16 24.28 0.13
101556 000 24.10 24.28 0.19
101628 000 24.37 24.28 -0.08
101663 000 24.38 24.28 -0.10
101706 000 24.18 24.28 0.10
101737 000 24.20 24.28 0.08
101776 000 24.17 24.28 0.11
101813 000 24.25 24.28 0.04
101858 000 24.41 24.28 -0.12
101882 000 24.44 24.28 -0.16
101902 000 24.32 24.28 -0.04
101921 000 24.23 24.28 0.05
101955 000 24.21 24.28 0.07
101969 000 24.33 24.28 -0.05
101994 000 24.22 24.28 0.07
102041 000 24.43 24.28 -0.14
102065 000 24.41 24.28 -0.12
102084 000 24.29 24.28 -0.01
102103 000 24.20 24.28 0.08
102142 000 24.28 24.28 0.01
102174 000 24.16 24.28 0.13
102188 000 23.92 24.28 0.37
102222 000 24.22 24.28 0.07
102254 000 24.11 24.28 0.17
102358 000 24.04 24.28 0.25
102395 000 24.30 24.28 -0.02
102469 000 24.10 24.28 0.19
102504 000 23.93 24.28 0.35
102543 000 23.96 24.28 0.32
102577 000 24.09 24.28 0.19
102615 000 24.11 24.28 0.17
102760 000 24.05 24.28 0.23
102799 000 24.19 24.28 0.10
102846 000 24.14 24.28 0.14
102870 000 24.16 24.28 0.13
102908 000 24.22 24.28 0.07
103171 000 24.26 24.28 0.02
103205 000 24.33 24.28 -0.05
103234 000 24.25 24.28 0.04
103271 000 24.31 24.28 -0.02
103310 000 24.08 24.28 0.20
103380 000 24.42 24.28 -0.14
103420 000 24.50 24.28 -0.21
103457 000 24.29 24.28 -0.00
103489 000 24.39 24.28 -0.11
103502 000 24.45 24.28 -0.17
103530 000 24.03 24.28 0.25
103566 000 24.25 24.28 0.04
103600 000 24.05 24.28 0.23
103648 000 24.07 24.28 0.22
103678 000 24.08 24.28 0.21
103708 000 24.11 24.28 0.17
103745 000 24.22 24.28 0.07
103784 000 24.13 24.28 0.16
103819 000 24.32 24.28 -0.04
103857 000 24.22 24.28 0.07
103894 000 24.21 24.28 0.07
103928 000 24.14 24.28 0.14
104074 000 23.89 24.28 0.40
104114 000 24.47 24.28 -0.18
104150 000 24.33 24.28 -0.05
104186 000 24.27 24.28 0.01
104221 000 24.11 24.28 0.17
104263 000 24.34 24.28 -0.05
104294 000 24.05 24.28 0.23
104329 000 23.99 24.28 0.30
104342 000 24.17 24.28 0.12
104369 000 24.12 24.28 0.16
104402 000 24.17 24.28 0.11
104439 000 24.08 24.28 0.20
104475 000 24.23 24.28 0.05
104517 000 24.27 24.28 0.01
104551 000 24.08 24.28 0.21
104585 000 24.17 24.28 0.11
104625 000 24.15 24.28 0.13
104894 000 24.27 24.28 0.01
104927 000 24.36 24.28 -0.08
105172 000 24.50 24.28 -0.21
105939 000 24.38 24.28 -0.09
106780 000 24.26 24.28 0.03
106827 000 24.12 24.28 0.16
106852 000 24.23 24.28 0.06
106891 000 24.26 24.28 0.03
106926 000 23.97 24.28 0.31
106959 000 24.05 24.28 0.24
106996 000 24.07 24.28 0.22
107032 000 24.23 24.28 0.05
107074 000 23.97 24.28 0.31
107108 000 24.05 24.28 0.24
107656 000 24.23 24.28 0.06
107691 000 24.24 24.28 0.04
107727 000 24.08 24.28 0.21
107801 000 24.23 24.28 0.06
108204 000 24.39 24.28 -0.11
108238 000 24.26 24.28 0.03
108277 000 24.35 24.28 -0.06
108314 000 24.12 24.28 0.16
108351 000 24.20 24.28 0.09
109884 000 24.05 24.28 0.24
109919 000 24.29 24.28 -0.00
112076 100 24.05 24.28 0.24
112116 100 23.66 24.28 0.63
112148 100 23.97 24.28 0.31
112185 100 24.23 24.28 0.06
112365 100 25.00 25.00 0.00
162166 111 46.72 348.56 301.83
162204 111 46.53 348.56 302.03
163774 111 40.05 348.56 308.50
163886 111 39.65 348.56 308.91
163921 111 39.45 348.56 309.10
163958 111 39.34 348.56 309.22
163996 111 39.07 348.56 309.48
164032 111 38.73 348.56 309.83
164075 111 38.64 348.56 309.91
164139 111 38.52 348.56 310.03
164179 111 37.91 348.56 310.64
164214 111 37.90 348.56 310.66
164727 111 36.52 348.56 312.04
